100                      	201100                   	000                      	 	 	 	 	 	 	 	09/30/2017	 	 	                  -852.09
100                      	201900                   	110                      	 	 	 	 	 	 	 	09/30/2017	 	 	                        0
100                      	201900                   	710                      	 	 	 	 	 	 	 	09/30/2017	 	 	                        0
110                      	201100                   	000                      	 	 	 	 	 	 	 	09/30/2017	 	 	               -1919592.5
110                      	201900                   	100                      	 	 	 	 	 	 	 	09/30/2017	 	 	                        0
110                      	201900                   	130                      	 	 	 	 	 	 	 	09/30/2017	 	 	               -2183072.6
110                      	201900                   	140                      	 	 	 	 	 	 	 	09/30/2017	 	 	                 -5913.03
110                      	201900                   	300                      	 	 	 	 	 	 	 	09/30/2017	 	 	               -135274.07
110                      	201900                   	410                      	 	 	 	 	 	 	 	09/30/2017	 	 	                        0
120                      	201100                   	000                      	 	 	 	 	 	 	 	09/30/2017	 	 	                        0
130                      	201100                   	000                      	 	 	 	 	 	 	 	09/30/2017	 	 	               -2295018.9
130                      	201900                   	110                      	 	 	 	 	 	 	 	09/30/2017	 	 	                      -75
130                      	201900                   	140                      	 	 	 	 	 	 	 	09/30/2017	 	 	                  -4269.6
130                      	201900                   	300                      	 	 	 	 	 	 	 	09/30/2017	 	 	               -1226140.5
130                      	201900                   	720                      	 	 	 	 	 	 	 	09/30/2017	 	 	                        0
140                      	201100                   	000                      	 	 	 	 	 	 	 	09/30/2017	 	 	                -11358109
140                      	201115                   	000                      	 	 	 	 	 	 	 	09/30/2017	 	 	                        0
140                      	201900                   	110                      	 	 	 	 	 	 	 	09/30/2017	 	 	                   -47430
140                      	201900                   	120                      	 	 	 	 	 	 	 	09/30/2017	 	 	                -26145000
140                      	201900                   	130                      	 	 	 	 	 	 	 	09/30/2017	 	 	               -299203.67
140                      	201900                   	300                      	 	 	 	 	 	 	 	09/30/2017	 	 	                        0
140                      	201900                   	410                      	 	 	 	 	 	 	 	09/30/2017	 	 	               -334911.22
140                      	201900                   	720                      	 	 	 	 	 	 	 	09/30/2017	 	 	                        0
140                      	201900                   	740                      	 	 	 	 	 	 	 	09/30/2017	 	 	                        0
150                      	201100                   	000                      	 	 	 	 	 	 	 	09/30/2017	 	 	                        0
150                      	201900                   	130                      	 	 	 	 	 	 	 	09/30/2017	 	 	                        0
160                      	201100                   	000                      	 	 	 	 	 	 	 	09/30/2017	 	 	               -206213.86
200                      	201100                   	000                      	 	 	 	 	 	 	 	09/30/2017	 	 	                -25571.27
300                      	201100                   	000                      	 	 	 	 	 	 	 	09/30/2017	 	 	                -33937658
300                      	201120                   	000                      	 	 	 	 	 	 	 	09/30/2017	 	 	                        0
300                      	201900                   	110                      	 	 	 	 	 	 	 	09/30/2017	 	 	                793839.53
300                      	201900                   	130                      	 	 	 	 	 	 	 	09/30/2017	 	 	               6224643.29
300                      	201900                   	140                      	 	 	 	 	 	 	 	09/30/2017	 	 	                        0
300                      	201900                   	320                      	 	 	 	 	 	 	 	09/30/2017	 	 	               1708141.66
300                      	201900                   	350                      	 	 	 	 	 	 	 	09/30/2017	 	 	                        0
300                      	201900                   	710                      	 	 	 	 	 	 	 	09/30/2017	 	 	                        0
300                      	201900                   	720                      	 	 	 	 	 	 	 	09/30/2017	 	 	                 -7459.48
300                      	201900                   	740                      	 	 	 	 	 	 	 	09/30/2017	 	 	                   537.27
300                      	211100                   	000                      	 	 	 	 	 	 	 	09/30/2017	 	 	               -291039.82
300                      	231450                   	000                      	 	 	 	 	 	 	 	09/30/2017	 	 	               -3145030.6
300                      	261165                   	000                      	 	 	 	 	 	 	 	09/30/2017	 	 	                        0
350                      	201100                   	000                      	 	 	 	 	 	 	 	09/30/2017	 	 	                -34319916
350                      	201120                   	000                      	 	 	 	 	 	 	 	09/30/2017	 	 	                 -4374.47
350                      	201900                   	300                      	 	 	 	 	 	 	 	09/30/2017	 	 	               -524717.36
350                      	201900                   	370                      	 	 	 	 	 	 	 	09/30/2017	 	 	                        0
350                      	201900                   	740                      	 	 	 	 	 	 	 	09/30/2017	 	 	                -68932.05
350                      	211100                   	000                      	 	 	 	 	 	 	 	09/30/2017	 	 	               -198420.61
350                      	231450                   	000                      	 	 	 	 	 	 	 	09/30/2017	 	 	               -1870525.1
400                      	201100                   	000                      	 	 	 	 	 	 	 	09/30/2017	 	 	                -19114282
410                      	201100                   	000                      	 	 	 	 	 	 	 	09/30/2017	 	 	                -12004842
410                      	201900                   	110                      	 	 	 	 	 	 	 	09/30/2017	 	 	                        0
410                      	201900                   	120                      	 	 	 	 	 	 	 	09/30/2017	 	 	                        0
410                      	201900                   	130                      	 	 	 	 	 	 	 	09/30/2017	 	 	                -577698.5
410                      	201900                   	140                      	 	 	 	 	 	 	 	09/30/2017	 	 	                 -4038.07
410                      	201900                   	300                      	 	 	 	 	 	 	 	09/30/2017	 	 	                     -116
410                      	201900                   	410                      	 	 	 	 	 	 	 	09/30/2017	 	 	                -88046742
410                      	201900                   	720                      	 	 	 	 	 	 	 	09/30/2017	 	 	                        0
410                      	201900                   	740                      	 	 	 	 	 	 	 	09/30/2017	 	 	                        0
430                      	201100                   	000                      	 	 	 	 	 	 	 	09/30/2017	 	 	                -10088744
440                      	201100                   	000                      	 	 	 	 	 	 	 	09/30/2017	 	 	               -965718.51
460                      	201100                   	000                      	 	 	 	 	 	 	 	09/30/2017	 	 	                -11127451
470                      	201100                   	000                      	 	 	 	 	 	 	 	09/30/2017	 	 	               -4065790.7
470                      	201900                   	110                      	 	 	 	 	 	 	 	09/30/2017	 	 	               -2435898.1
470                      	201900                   	130                      	 	 	 	 	 	 	 	09/30/2017	 	 	               -1037118.5
470                      	201900                   	300                      	 	 	 	 	 	 	 	09/30/2017	 	 	                        0
470                      	201900                   	410                      	 	 	 	 	 	 	 	09/30/2017	 	 	               -987495.04
470                      	201900                   	470                      	 	 	 	 	 	 	 	09/30/2017	 	 	                -13997268
490                      	201100                   	000                      	 	 	 	 	 	 	 	09/30/2017	 	 	               -2985760.3
490                      	201900                   	130                      	 	 	 	 	 	 	 	09/30/2017	 	 	               -340819.07
710                      	201100                   	000                      	 	 	 	 	 	 	 	09/30/2017	 	 	                        0
710                      	201900                   	110                      	 	 	 	 	 	 	 	09/30/2017	 	 	                        0
710                      	201900                   	130                      	 	 	 	 	 	 	 	09/30/2017	 	 	                        0
710                      	201900                   	720                      	 	 	 	 	 	 	 	09/30/2017	 	 	                        0
710                      	201900                   	740                      	 	 	 	 	 	 	 	09/30/2017	 	 	                -25113789
720                      	201100                   	000                      	 	 	 	 	 	 	 	09/30/2017	 	 	               -104204698
720                      	201900                   	110                      	 	 	 	 	 	 	 	09/30/2017	 	 	                        0
720                      	201900                   	130                      	 	 	 	 	 	 	 	09/30/2017	 	 	               -833507.92
720                      	201900                   	140                      	 	 	 	 	 	 	 	09/30/2017	 	 	               -155985.42
720                      	201900                   	150                      	 	 	 	 	 	 	 	09/30/2017	 	 	                -10354456
720                      	201900                   	300                      	 	 	 	 	 	 	 	09/30/2017	 	 	               -344223.37
720                      	201900                   	410                      	 	 	 	 	 	 	 	09/30/2017	 	 	                        0
720                      	201900                   	710                      	 	 	 	 	 	 	 	09/30/2017	 	 	               -1511587.2
720                      	201900                   	740                      	 	 	 	 	 	 	 	09/30/2017	 	 	                        0
740                      	201100                   	000                      	 	 	 	 	 	 	 	09/30/2017	 	 	               -203430928
740                      	201110                   	000                      	 	 	 	 	 	 	 	09/30/2017	 	 	                        0
740                      	201120                   	000                      	 	 	 	 	 	 	 	09/30/2017	 	 	                        0
740                      	201900                   	140                      	 	 	 	 	 	 	 	09/30/2017	 	 	                        0
740                      	201900                   	720                      	 	 	 	 	 	 	 	09/30/2017	 	 	                -62415949
